# _captured_at: 2026-04-14T00:00:00Z
# _source: https://docs.thetadata.us/openapiv3.yaml
# _refresh_with: python3 scripts/check_tier_badges.py --refresh-snapshot
#
# This file is the pinned upstream ThetaData OpenAPI v3 spec. Both the
# tier-badge check (scripts/check_tier_badges.py) and the Rust validator
# generator (crates/thetadatadx/build_support/endpoints.rs) derive endpoint
# min-subscription tiers and expiration-wildcard support from it, so both
# human docs and generated machinery agree on one pinned schema. Refresh
# with the command above when ThetaData publishes a new spec.
openapi: 3.1.0

info:
  title: Theta Data v3
  description: Real-time and historic stock, options, and index data!
  version: 3.0.0
  x-java-package: net.thetadata.generated

servers:
  - url: 'http://127.0.0.1:25503/v3'
    description: dev

security: []


paths:
#
# STOCK ENDPOINTS
#
  /stock/list/symbols:
    x-min-subscription: free
    get:
      summary: Symbols
      operationId: stock_list_symbols
      tags:
        - Stock
        - List
      description: |
        A symbol can be defined as a unique identifier for a stock / underlying asset. Common terms also include: root, ticker, and underlying. This endpoint returns all traded symbols for stocks. This endpoint is updated overnight.
      x-sample-urls:
        - url: http://127.0.0.1:25503/v3/stock/list/symbols
          description: "List all stock symbols"
        - url: http://127.0.0.1:25503/v3/stock/list/symbols?format=html
          description: Click to open in browser (HTML)
      parameters:
        - $ref: "#/components/parameters/format"
      responses:
        '200':
          description: List all stock symbols
          content:
            text/csv:
              schema:
                type: array
                items: &items_stock_list_symbols
                  type: object
                  properties:
                    symbol:
                      type: string
                      description: The symbol of the contract, or stock / underlying asset / option / index.
              example: "symbol\r\nA\r\nAA\r\nAAA\r\nAAAA\r\nAAAP\r\n"
            application/json:
              schema: &schema_stock_list_symbols
                type: array
                items: *items_stock_list_symbols
              example: |
                {
                  "response": [
                    {"symbol": "A"},
                    {"symbol": "AA"},
                    {"symbol": "AAA"},
                    {"symbol": "AAAA"},
                    {"symbol": "AAAP"}
                  ]
                }
            application/x-ndjson:
              schema: *schema_stock_list_symbols
              example: '{"symbol":"A"}

                {"symbol":"AA"}

                {"symbol":"AAA"}

                {"symbol":"AAAA"}

                {"symbol":"AAAP"}'

  /stock/list/dates/{request_type}:
    x-min-subscription: free
    get:
      summary: Dates
      operationId: stock_list_dates
      tags:
        - Stock
        - List
      description: |
        Lists all dates of data that are available for a stock with a given request type and symbol. This endpoint is updated overnight.
      x-sample-urls:
        - url: http://127.0.0.1:25503/v3/stock/list/dates/quote?symbol=AAPL
          description: "List all dates for a stock quote for a given symbol"
        - url: http://127.0.0.1:25503/v3/stock/list/dates/trade?symbol=AAPL,SPY
          description: "List all dates for a stock trade for multiple symbols"
        - url: http://127.0.0.1:25503/v3/stock/list/dates/trade?symbol=*
          description: "List all dates for a stock trade for all symbols"
        - url: http://127.0.0.1:25503/v3/stock/list/dates/quote?symbol=AAPL&format=html
          description: Click to open in browser (HTML)
      parameters:
        - $ref: "#/components/parameters/request_type"
        - $ref: "#/components/parameters/multi_symbol"
        - $ref: "#/components/parameters/format"
      responses:
        '200':
          description: List all dates for a stock quote for a given symbol
          content:
            text/csv:
              schema:
                type: array
                items: &items_stock_list_dates
                  type: object
                  properties:
                    date:
                      type: string
                      format: date
                      description: The date formated as YYYY-MM-DD.
              example: "date\r\n2016-08-16\r\n2016-08-17\r\n2016-08-18\r\n2016-08-19\r\n2016-08-23\r\n"
            application/json:
              schema: &schema_stock_list_dates
                type: array
                items: *items_stock_list_dates
              example: |
                {
                  "response": [
                    {"date": "2016-08-16"},
                    {"date": "2016-08-17"},
                    {"date": "2016-08-18"},
                    {"date": "2016-08-19"},
                    {"date": "2016-08-23"}
                  ]
                }
            application/x-ndjson:
              schema: *schema_stock_list_dates
              example: '{"date":"2016-08-16"}

                {"date":"2016-08-17"}

                {"date":"2016-08-18"}

                {"date":"2016-08-19"}

                {"date":"2016-08-23"}'

  /stock/snapshot/ohlc:
    x-min-subscription: value
    get:
      summary: Open High Low Close
      operationId: stock_snapshot_ohlc
      tags:
        - Stock
        - Snapshot
      description: |
        
        Provides a real-time Open, High, Low, Close for the current day.
        * Returns a real-time session OHLC from the [Nasdaq Basic feed](/Articles/Data-And-Requests/The-SIPs) if the account has a [stocks standard or pro subscription](https://www.thetadata.net/subscribe.html#stocks).
        * Returns a 15-minute delayed session OHLC from the [UTP & CTA feeds](/Articles/Data-And-Requests/The-SIPs) if the account has the stocks value subscription.
        * Theta Data resets its snapshot cache at midnight ET every day. This endpoint may not work on a weekend where there were no eligible messages sent over exchange feeds. We recommend using historic requests during the weekend.
      x-sample-urls:
        - url: http://127.0.0.1:25503/v3/stock/snapshot/ohlc?symbol=*
          description: "Returns OHLC for stocks for all symbols"
        - url: http://127.0.0.1:25503/v3/stock/snapshot/ohlc?symbol=AAPL&venue=nqb
          description: "Returns OHLC for a given stock trade from the Nasdaq Basic feed"
        - url: http://127.0.0.1:25503/v3/stock/snapshot/ohlc?symbol=AAPL&venue=nqb&format=html
          description: Click to open in browser (HTML)
      parameters:
        - $ref: "#/components/parameters/multi_symbol"
        - $ref: "#/components/parameters/venue"
        - $ref: "#/components/parameters/min_time"
        - $ref: "#/components/parameters/format"
      responses:
        '200':
          description: Returns OHLC for stocks for all symbols
          content:
            text/csv:
              schema:
                type: array
                items: &items_stock_snapshot_ohlc
                  type: object
                  properties:
                    timestamp:
                      type: string
                      format: date-time
                      description: The timestamp in YYYY-MM-DDTHH:mm:ss.SSS format.
                    symbol:
                      type: string
                      description: The symbol of the contract, or stock / underlying asset / option / index.
                    open:
                      type: number
                      description: The opening trade price.
                    high:
                      type: number
                      description: The highest traded price.
                    low:
                      type: number
                      description: The lowest traded price.
                    close:
                      type: number
                      description: The closing traded price.
                    volume:
                      type: integer
                      description: The amount of contracts / shares traded.
                    count:
                      type: integer
                      description: The amount of trades.
              example: "timestamp,symbol,open,high,low,close,volume,count\r\n2025-08-20T16:10:04.43,CVCO,492.0000,492.0000,480.5477,485.1100,119656,7684\r\
                \n2025-08-20T16:11:13.962,IFRX,0.8900,0.9199,0.8529,0.8929,57048,138\r\n2025-08-20T16:04:10.564,KLXY,0.0000,0.0000,0.0000,0.0000,9,6\r\
                \n2025-08-20T16:04:07.554,HCOW,23.5600,23.6976,23.5600,23.6616,3648,44\r\n2025-08-20T16:22:32.726,SCS,16.2000,16.3200,16.1550,16.1800,992620,7690\r\
                \n"
            application/json:
              schema: &schema_stock_snapshot_ohlc
                type: array
                items: *items_stock_snapshot_ohlc
              example: |
                {
                  "response": [
                    {"volume":119656,"symbol":"CVCO","high":492.0000,"low":480.5477,"count":7684,"close":485.1100,"open":492.0000,"timestamp":"2025-08-20T16:10:04.43"},
                    {"volume":57048,"symbol":"IFRX","high":0.9199,"low":0.8529,"count":138,"close":0.8929,"open":0.8900,"timestamp":"2025-08-20T16:11:13.962"},
                    {"volume":9,"symbol":"KLXY","high":0.0000,"low":0.0000,"count":6,"close":0.0000,"open":0.0000,"timestamp":"2025-08-20T16:04:10.564"},
                    {"volume":3648,"symbol":"HCOW","high":23.6976,"low":23.5600,"count":44,"close":23.6616,"open":23.5600,"timestamp":"2025-08-20T16:04:07.554"},
                    {"volume":992620,"symbol":"SCS","high":16.3200,"low":16.1550,"count":7690,"close":16.1800,"open":16.2000,"timestamp":"2025-08-20T16:22:32.726"}
                  ]
                }
            application/x-ndjson:
              schema: *schema_stock_snapshot_ohlc
              example: '{"volume":119656,"symbol":"CVCO","high":492.0000,"low":480.5477,"count":7684,"close":485.1100,"open":492.0000,"timestamp":"2025-08-20T16:10:04.43"}

                {"volume":57048,"symbol":"IFRX","high":0.9199,"low":0.8529,"count":138,"close":0.8929,"open":0.8900,"timestamp":"2025-08-20T16:11:13.962"}

                {"volume":9,"symbol":"KLXY","high":0.0000,"low":0.0000,"count":6,"close":0.0000,"open":0.0000,"timestamp":"2025-08-20T16:04:10.564"}

                {"volume":3648,"symbol":"HCOW","high":23.6976,"low":23.5600,"count":44,"close":23.6616,"open":23.5600,"timestamp":"2025-08-20T16:04:07.554"}

                {"volume":992620,"symbol":"SCS","high":16.3200,"low":16.1550,"count":7690,"close":16.1800,"open":16.2000,"timestamp":"2025-08-20T16:22:32.726"}'

  /stock/snapshot/trade:
    x-min-subscription: standard
    get:
      summary: Trade
      operationId: stock_snapshot_trade
      tags:
        - Stock
        - Snapshot
      description: |
        
        Returns a real-time last trade from the [Nasdaq Basic feed](/Articles/Data-And-Requests/The-SIPs) if the account has a [stocks standard or pro subscription](https://www.thetadata.net/subscribe.html#stocks).

        - Theta Data resets its snapshot cache at midnight ET every day. This endpoint may not work on a weekend where there were no eligible messages sent over exchange feeds. We recommend using historic requests during the weekend.
      x-sample-urls:
        - url: http://127.0.0.1:25503/v3/stock/snapshot/trade?symbol=AAPL
          description: "Returns last trade for stocks for a given symbol"
        - url: http://127.0.0.1:25503/v3/stock/snapshot/trade?symbol=AAPL&format=html
          description: Click to open in browser (HTML)
      parameters:
        - $ref: "#/components/parameters/multi_symbol"
        - $ref: "#/components/parameters/venue"
        - $ref: "#/components/parameters/min_time"
        - $ref: "#/components/parameters/format"
      responses:
        '200':
          description: Returns last trade for stocks for a given symbol
          content:
            text/csv:
              schema:
                type: array
                items: &items_stock_snapshot_trade
                  type: object
                  properties:
                    timestamp:
                      type: string
                      format: date-time
                      description: The timestamp in YYYY-MM-DDTHH:mm:ss.SSS format.
                    symbol:
                      type: string
                      description: The symbol of the contract, or stock / underlying asset / option / index.
                    sequence:
                      type: integer
                      description: The exchange [sequence](/Articles/Data-And-Requests/Making-Requests.html#trade-sequences).
                    size:
                      type: integer
                      description: The amount of contracts / shares traded.
                    condition:
                      type: integer
                      description: The trade [condition](/Articles/Errors-Exchanges-Conditions/Trade-Conditions.html).
                    price:
                      type: number
                      description: The trade price.
              example: "timestamp,symbol,sequence,size,condition,price\r\n2025-08-20T16:36:05.549,AAPL,63539137,23,1,225.7500\r\
                \n"
            application/json:
              schema: &schema_stock_snapshot_trade
                type: array
                items: *items_stock_snapshot_trade
              example: |
                {
                  "response": [
                    {"symbol":"AAPL","sequence":63539137,"condition":1,"size":23,"price":225.7500,"timestamp":"2025-08-20T16:36:05.549"}
                  ]
                }
            application/x-ndjson:
              schema: *schema_stock_snapshot_trade
              example: '{"symbol":"AAPL","sequence":63539137,"condition":1,"size":23,"price":225.7500,"timestamp":"2025-08-20T16:36:05.549"}'

  /stock/snapshot/quote:
    x-min-subscription: value
    get:
      summary: Quote
      operationId: stock_snapshot_quote
      tags:
        - Stock
        - Snapshot
      description: |
        * Returns a real-time last BBO quote from the [Nasdaq Basic feed](/Articles/Data-And-Requests/The-SIPs) if the account has a [stocks standard or pro subscription](https://www.thetadata.net/subscribe.html#stocks).
        * Returns a 15-minute delayed NBBO quote from the [UTP & CTA feeds](/Articles/Data-And-Requests/The-SIPs) account has the [stocks value subscription](https://www.thetadata.net/subscribe.html#stocks) subscription.
        - Theta Data resets its snapshot cache at midnight ET every day. This endpoint may not work on a weekend where there were no eligible messages sent over exchange feeds. We recommend using historic requests during the weekend.
      x-sample-urls:
        - url: http://127.0.0.1:25503/v3/stock/snapshot/quote?symbol=*
          description: "Returns last quote for stocks for all symbols"
        - url: http://127.0.0.1:25503/v3/stock/snapshot/quote?symbol=AAPL&venue=nqb
          description: "Returns OHLC for a given stock trade from the Nasdaq Basic feed"
        - url: http://127.0.0.1:25503/v3/stock/snapshot/quote?symbol=AAPL&format=html
          description: Click to open in browser (HTML)
      parameters:
        - $ref: "#/components/parameters/multi_symbol"
        - $ref: "#/components/parameters/venue"
        - $ref: "#/components/parameters/min_time"
        - $ref: "#/components/parameters/format"
      responses:
        '200':
          description: Returns last quote for stocks for all symbols
          content:
            text/csv:
              schema:
                type: array
                items: &items_stock_snapshot_quote
                  type: object
                  properties:
                    timestamp:
                      type: string
                      format: date-time
                      description: The timestamp in YYYY-MM-DDTHH:mm:ss.SSS format.
                    symbol:
                      type: string
                      description: The symbol of the contract, or stock / underlying asset / option / index.
                    bid_size:
                      type: integer
                      description: The last NBBO bid size.
                    bid_exchange:
                      type: integer
                      description: The last NBBO bid [exchange](/Articles/Errors-Exchanges-Conditions/Exchanges.html).
                    bid:
                      type: number
                      description: The last NBBO bid price.
                    bid_condition:
                      type: integer
                      description: The last NBBO bid [condition](/Articles/Errors-Exchanges-Conditions/Quote-Conditions.html).
                    ask_size:
                      type: integer
                      description: The last NBBO ask size.
                    ask_exchange:
                      type: integer
                      description: The last NBBO ask [exchange](/Articles/Errors-Exchanges-Conditions/Exchanges.html).
                    ask:
                      type: number
                      description: The last NBBO ask price.
                    ask_condition:
                      type: integer
                      description: The last NBBO ask [condition](/Articles/Errors-Exchanges-Conditions/Quote-Conditions.html).
              example: "timestamp,symbol,bid_size,bid_exchange,bid,bid_condition,ask_size,ask_exchange,ask,ask_condition\r\
                \n2025-08-20T16:03:05.142,CVCO,1,29,475.75,0,3,29,494.33,0\r\n2025-08-20T16:10:05.032,KLXY,200,29,12.40,0,200,29,37.18,0\r\
                \n2025-08-20T16:21:05.781,IFRX,100,29,0.7510,0,45,29,0.9500,0\r\n2025-08-20T16:19:55.101,SCS,100,29,14.64,0,100,29,17.60,0\r\
                \n2025-08-20T16:33:50.877,BBC,100,29,13.29,0,2800,29,24.06,0\r\n"
            application/json:
              schema: &schema_stock_snapshot_quote
                type: array
                items: *items_stock_snapshot_quote
              example: |
                {
                  "response": [
                    {"symbol":"CVCO","ask_size":3,"bid_size":1,"ask_exchange":29,"ask_condition":0,"bid_exchange":29,"ask":494.33,"bid":475.75,"bid_condition":0,"timestamp":"2025-08-20T16:03:05.142"},
                    {"symbol":"KLXY","ask_size":200,"bid_size":200,"ask_exchange":29,"ask_condition":0,"bid_exchange":29,"ask":37.18,"bid":12.40,"bid_condition":0,"timestamp":"2025-08-20T16:10:05.032"},
                    {"symbol":"IFRX","ask_size":45,"bid_size":100,"ask_exchange":29,"ask_condition":0,"bid_exchange":29,"ask":0.9500,"bid":0.7510,"bid_condition":0,"timestamp":"2025-08-20T16:21:05.781"},
                    {"symbol":"SCS","ask_size":100,"bid_size":100,"ask_exchange":29,"ask_condition":0,"bid_exchange":29,"ask":17.60,"bid":14.64,"bid_condition":0,"timestamp":"2025-08-20T16:19:55.101"},
                    {"symbol":"BBC","ask_size":2800,"bid_size":100,"ask_exchange":29,"ask_condition":0,"bid_exchange":29,"ask":24.06,"bid":13.29,"bid_condition":0,"timestamp":"2025-08-20T16:33:50.877"}
                  ]
                }
            application/x-ndjson:
              schema: *schema_stock_snapshot_quote
              example: '{"symbol":"CVCO","ask_size":3,"bid_size":1,"ask_exchange":29,"ask_condition":0,"bid_exchange":29,"ask":494.33,"bid":475.75,"bid_condition":0,"timestamp":"2025-08-20T16:03:05.142"}

                {"symbol":"KLXY","ask_size":200,"bid_size":200,"ask_exchange":29,"ask_condition":0,"bid_exchange":29,"ask":37.18,"bid":12.40,"bid_condition":0,"timestamp":"2025-08-20T16:10:05.032"}

                {"symbol":"IFRX","ask_size":45,"bid_size":100,"ask_exchange":29,"ask_condition":0,"bid_exchange":29,"ask":0.9500,"bid":0.7510,"bid_condition":0,"timestamp":"2025-08-20T16:21:05.781"}

                {"symbol":"SCS","ask_size":100,"bid_size":100,"ask_exchange":29,"ask_condition":0,"bid_exchange":29,"ask":17.60,"bid":14.64,"bid_condition":0,"timestamp":"2025-08-20T16:19:55.101"}

                {"symbol":"BBC","ask_size":2800,"bid_size":100,"ask_exchange":29,"ask_condition":0,"bid_exchange":29,"ask":24.06,"bid":13.29,"bid_condition":0,"timestamp":"2025-08-20T16:33:50.877"}'

  /stock/snapshot/market_value:
    x-min-subscription: standard
    get:
      summary: Market Value
      operationId: stock_snapshot_market_value
      tags:
        - Stock
        - Snapshot
      description: |
        * Returns a real-time market value derived from the last BBO quote from the [Nasdaq Basic feed](/Articles/Data-And-Requests/The-SIPs) if the account has a [stocks standard or pro subscription](https://www.thetadata.net/subscribe.html#stocks).
        * Returns a 15-minute delayed market value derived from an NBBO quote from the [UTP & CTA feeds](/Articles/Data-And-Requests/The-SIPs) if the account has the [stocks value subscription](https://www.thetadata.net/subscribe.html#stocks) subscription.
        - Theta Data resets its snapshot cache at midnight ET every day. This endpoint may not work on a weekend where there were no eligible messages sent over exchange feeds. We recommend using historic requests during the weekend.
      x-sample-urls:
        - url: http://127.0.0.1:25503/v3/stock/snapshot/market_value?symbol=*
          description: "Returns last market value for stocks for all symbols"
        - url: http://127.0.0.1:25503/v3/stock/snapshot/market_value?symbol=AAPL&venue=nqb
          description: "Returns market value for a given stock trade from the Nasdaq Basic feed"
        - url: http://127.0.0.1:25503/v3/stock/snapshot/market_value?symbol=*&format=html
          description: Click to open in browser (HTML)
      parameters:
        - $ref: "#/components/parameters/multi_symbol"
        - $ref: "#/components/parameters/venue"
        - $ref: "#/components/parameters/min_time"
        - $ref: "#/components/parameters/format"
      responses:
        '200':
          description: Returns last market value for stocks for all symbols
          content:
            text/csv:
              schema:
                type: array
                items: &items_stock_snapshot_market_value
                  type: object
                  properties:
                    timestamp:
                      type: string
                      format: date-time
                      description: The timestamp in YYYY-MM-DDTHH:mm:ss.SSS format.
                    symbol:
                      type: string
                      description: The symbol of the contract, or stock / underlying asset / option / index.
                    market_bid:
                      type: number
                      description: The last market bid
                    market_ask:
                      type: number
                      description: The last market ask
                    market_price:
                      type: number
                      description: The last market value price
              example:
                "timestamp,symbol,market_bid,market_ask,market_price\r\
                \n2025-12-16T11:47:50.854,CVCO,590.60,595.55,593.07\r\
                \n2025-12-16T11:02:05.409,KLXY,26.77,27.69,27.23\r\
                \n2025-12-16T11:47:52.923,FXR,80.23,80.27,80.25\r\
                \n2025-12-16T11:47:53.496,AAPL,273.22,273.23,273.22"
            
            application/json:
              schema: &schema_stock_snapshot_market_value
                type: array
                items: *items_stock_snapshot_market_value
              example: |
                {
                  "response": [
                    {"symbol":"CVCO","market_bid":590.60,"market_ask":595.55,"market_price":593.07,"timestamp":"2025-12-16T11:47:50.854"},
                    {"symbol":"KLXY","market_bid":26.77,"market_ask":27.69,"market_price":27.23,"timestamp":"2025-12-16T11:02:05.409"},
                    {"symbol":"FXR","market_bid":80.23,"market_ask":80.27,"market_price":80.25,"timestamp":"2025-12-16T11:47:52.923"},
                    {"symbol":"AAPL","market_bid":273.22,"market_ask":273.23,"market_price":273.22,"timestamp":"2025-12-16T11:47:53.496"}
                  ]
                }
            application/x-ndjson:
              schema: *schema_stock_snapshot_market_value
              example: '{"symbol":"CVCO","market_bid":590.60,"market_ask":595.55,"market_price":593.07,"timestamp":"2025-12-16T11:47:50.854"}
              
                    {"symbol":"KLXY","market_bid":26.77,"market_ask":27.69,"market_price":27.23,"timestamp":"2025-12-16T11:02:05.409"}
                    
                    {"symbol":"FXR","market_bid":80.23,"market_ask":80.27,"market_price":80.25,"timestamp":"2025-12-16T11:47:52.923"}
                    
                    {"symbol":"AAPL","market_bid":273.22,"market_ask":273.23,"market_price":273.22,"timestamp":"2025-12-16T11:47:53.496"}'

  /stock/history/eod:
    x-min-subscription: free
    x-history-access: true
    get:
      summary: End of Day
      operationId: stock_history_eod
      tags:
        - Stock
        - History
      description:  |
        
        Since [the equity SIPs](/Articles/Data-And-Requests/The-SIPs.html) only generate a partial EOD report, Theta Data generates a national EOD report at 17:15 ET each day. ``created`` represents the datetime the report was generated and ``last_trade`` represents the datetime of the last trade. The quote in the response represents the last NBBO reported by [CTA or UTP](/Articles/Data-And-Requests/The-SIPs.html) at the time of report generation. You can read more about EOD & OHLC data [here](/Articles/Data-And-Requests/OHLC-EOD.html). Theta Data plans to avail SIP EOD reports in the near future.
      x-sample-urls:
        - url: http://127.0.0.1:25503/v3/stock/history/eod?symbol=AAPL&start_date=20240101&end_date=20240131
          description: "Returns EOD report for a given symbol between specified dates (inclusive)"
        - url: http://127.0.0.1:25503/v3/stock/history/eod?symbol=AAPL&start_date=20240101&end_date=20240131&format=html
          description: Click to open in browser (HTML)
      parameters:
        - $ref: "#/components/parameters/single_symbol"
        - $ref: "#/components/parameters/start_date"
        - $ref: "#/components/parameters/end_date"
        - $ref: "#/components/parameters/format"
      responses:
        '200':
          description: Returns EOD report for a given symbol between specified dates (inclusive)
          content:
            text/csv:
              schema:
                type: array
                items: &items_stock_history_eod
                  type: object
                  properties:
                    created:
                      type: string
                      format: date-time
                      description: The date formated as YYYY-MM-DDTHH:mm:ss.SSS format.
                    last_trade:
                      type: string
                      format: date-time
                      description: The last trade date formated as YYYY-MM-DDTHH:mm:ss.SSS format.
                    open:
                      type: number
                      description: The opening trade price.
                    high:
                      type: number
                      description: The highest traded price.
                    low:
                      type: number
                      description: The lowest traded price.
                    close:
                      type: number
                      description: The closing traded price.
                    volume:
                      type: integer
                      description: The amount of contracts / shares traded.
                    count:
                      type: integer
                      description: The amount of trades.
                    bid_size:
                      type: integer
                      description: The last NBBO bid size.
                    bid_exchange:
                      type: integer
                      description: The last NBBO bid [exchange](/Articles/Errors-Exchanges-Conditions/Exchanges.html).
                    bid:
                      type: number
                      description: The last NBBO bid price.
                    bid_condition:
                      type: integer
                      description: The last NBBO bid [condition](/Articles/Errors-Exchanges-Conditions/Quote-Conditions.html).
                    ask_size:
                      type: integer
                      description: The last NBBO ask size.
                    ask_exchange:
                      type: integer
                      description: The last NBBO ask [exchange](/Articles/Errors-Exchanges-Conditions/Exchanges.html).
                    ask:
                      type: number
                      description: The last NBBO ask price.
                    ask_condition:
                      type: integer
                      description: The last NBBO ask [condition](/Articles/Errors-Exchanges-Conditions/Quote-Conditions.html).
              example: "created,last_trade,open,high,low,close,volume,count,bid_size,bid_exchange,bid,bid_condition,ask_size,ask_exchange,ask,ask_condition\r\
                \n2024-01-02T17:17:53.606,2024-01-02T17:17:51.877,187.030,188.440,183.885,185.640,80680243,1003582,2,7,18.534,0,2,1,18.536,0\r\
                \n2024-01-03T17:16:29.883,2024-01-03T17:16:28.586,184.200,185.880,183.430,184.250,58308345,654127,5,7,18.405,0,2,1,18.410,0\r\
                \n2024-01-04T17:17:06.02,2024-01-04T17:17:02.445,182.0000,183.0872,180.8800,181.9100,71197269,709246,8,60,1.8176,0,2,7,1.8179,0\r\
                \n2024-01-05T17:16:57.032,2024-01-05T17:16:49.821,181.900,182.760,180.170,181.180,61949135,679405,3,1,18.103,0,3,7,18.105,0\r\
                \n2024-01-08T17:17:01.83,2024-01-08T17:17:01.484,182.000,185.600,181.500,185.560,59029146,665626,4,1,18.528,0,1,65,18.537,0\r\
                \n"
            application/json:
              schema: &schema_stock_history_eod
                type: array
                items: *items_stock_history_eod
              example: |
                {
                  "response": [
                    {"ask_size":2,"last_trade":"2024-01-02T17:17:51.877","created":"2024-01-02T17:17:53.606","ask_condition":0,"count":1003582,"volume":80680243,"high":188.440,"low":183.885,"bid_size":2,"ask_exchange":1,"bid_exchange":7,"ask":18.536,"bid":18.534,"bid_condition":0,"close":185.640,"open":187.030},
                    {"ask_size":2,"last_trade":"2024-01-03T17:16:28.586","created":"2024-01-03T17:16:29.883","ask_condition":0,"count":654127,"volume":58308345,"high":185.880,"low":183.430,"bid_size":5,"ask_exchange":1,"bid_exchange":7,"ask":18.410,"bid":18.405,"bid_condition":0,"close":184.250,"open":184.200},
                    {"ask_size":2,"last_trade":"2024-01-04T17:17:02.445","created":"2024-01-04T17:17:06.02","ask_condition":0,"count":709246,"volume":71197269,"high":183.0872,"low":180.8800,"bid_size":8,"ask_exchange":7,"bid_exchange":60,"ask":1.8179,"bid":1.8176,"bid_condition":0,"close":181.9100,"open":182.0000},
                    {"ask_size":3,"last_trade":"2024-01-05T17:16:49.821","created":"2024-01-05T17:16:57.032","ask_condition":0,"count":679405,"volume":61949135,"high":182.760,"low":180.170,"bid_size":3,"ask_exchange":7,"bid_exchange":1,"ask":18.105,"bid":18.103,"bid_condition":0,"close":181.180,"open":181.900},
                    {"ask_size":1,"last_trade":"2024-01-08T17:17:01.484","created":"2024-01-08T17:17:01.83","ask_condition":0,"count":665626,"volume":59029146,"high":185.600,"low":181.500,"bid_size":4,"ask_exchange":65,"bid_exchange":1,"ask":18.537,"bid":18.528,"bid_condition":0,"close":185.560,"open":182.000}
                  ]
                }
            application/x-ndjson:
              schema: *schema_stock_history_eod
              example: '{"ask_size":2,"last_trade":"2024-01-02T17:17:51.877","created":"2024-01-02T17:17:53.606","ask_condition":0,"count":1003582,"volume":80680243,"high":188.440,"low":183.885,"bid_size":2,"ask_exchange":1,"bid_exchange":7,"ask":18.536,"bid":18.534,"bid_condition":0,"close":185.640,"open":187.030}

                {"ask_size":2,"last_trade":"2024-01-03T17:16:28.586","created":"2024-01-03T17:16:29.883","ask_condition":0,"count":654127,"volume":58308345,"high":185.880,"low":183.430,"bid_size":5,"ask_exchange":1,"bid_exchange":7,"ask":18.410,"bid":18.405,"bid_condition":0,"close":184.250,"open":184.200}

                {"ask_size":2,"last_trade":"2024-01-04T17:17:02.445","created":"2024-01-04T17:17:06.02","ask_condition":0,"count":709246,"volume":71197269,"high":183.0872,"low":180.8800,"bid_size":8,"ask_exchange":7,"bid_exchange":60,"ask":1.8179,"bid":1.8176,"bid_condition":0,"close":181.9100,"open":182.0000}

                {"ask_size":3,"last_trade":"2024-01-05T17:16:49.821","created":"2024-01-05T17:16:57.032","ask_condition":0,"count":679405,"volume":61949135,"high":182.760,"low":180.170,"bid_size":3,"ask_exchange":7,"bid_exchange":1,"ask":18.105,"bid":18.103,"bid_condition":0,"close":181.180,"open":181.900}

                {"ask_size":1,"last_trade":"2024-01-08T17:17:01.484","created":"2024-01-08T17:17:01.83","ask_condition":0,"count":665626,"volume":59029146,"high":185.600,"low":181.500,"bid_size":4,"ask_exchange":65,"bid_exchange":1,"ask":18.537,"bid":18.528,"bid_condition":0,"close":185.560,"open":182.000}'

  /stock/history/ohlc:
    x-min-subscription: value
    x-history-access: true
    get:
      summary: Open High Low Close
      operationId: stock_history_ohlc
      tags:
        - Stock
        - History
      description: |
        - Aggregated OHLC bars that use [SIP rules](/Articles/Data-And-Requests/OHLC-EOD.html) for each bar. Time timestamp of the bar represents the opening time of the bar. For a trade to be part of the bar:  ``bar time`` <= ``trade time`` < ``bar timestamp + ivl``, where ivl is the specified interval size in milliseconds. 
        - Set the ``venue`` parameter to ``nqb`` to access current-day real-time historic data from the [Nasdaq Basic feed](/Articles/Data-And-Requests/The-SIPs) if the account has a [stocks standard or pro subscription](https://www.thetadata.net/subscribe.html#stocks).
        - Multi-day requests are limited to 1 month of data.
      x-sample-urls:
        - url: http://127.0.0.1:25503/v3/stock/history/ohlc?symbol=AAPL&date=20240102&interval=1m
          description: "Returns OHLC for a given symbol on the specified date with a one minute interval"
        - url: http://127.0.0.1:25503/v3/stock/history/ohlc?symbol=AAPL&date=20240102&interval=1m&format=html
          description: Click to open in browser (HTML)
        - url: http://127.0.0.1:25503/v3/stock/history/ohlc?symbol=AAPL&start_date=20240102&end_date=20240109&interval=1m
          description: "Returns OHLC for a given symbol between specified dates (inclusive) with a one minute interval"
        - url: http://127.0.0.1:25503/v3/stock/history/ohlc?symbol=AAPL&start_date=20240102&end_date=20240109&interval=1m&format=html
          description: Click to open in browser (HTML)
      parameters:
        - $ref: "#/components/parameters/single_symbol"
        - $ref: "#/components/parameters/opt_date"
        - $ref: "#/components/parameters/interval"
        - $ref: "#/components/parameters/start_time"
        - $ref: "#/components/parameters/end_time"
        - $ref: "#/components/parameters/venue"
        - $ref: "#/components/parameters/format"
        - $ref: "#/components/parameters/opt_start_date"
        - $ref: "#/components/parameters/opt_end_date"
      responses:
        '200':
          description: Returns OHLC for a given symbol between specified dates (inclusive) with a one minute interval
          content:
            text/csv:
              schema:
                type: array
                items: &items_stock_history_ohlc
                  type: object
                  properties:
                    timestamp:
                      type: string
                      format: date-time
                      description: The timestamp in YYYY-MM-DDTHH:mm:ss.SSS format.
                    open:
                      type: number
                      description: The opening trade price.
                    high:
                      type: number
                      description: The highest traded price.
                    low:
                      type: number
                      description: The lowest traded price.
                    close:
                      type: number
                      description: The closing traded price.
                    volume:
                      type: integer
                      description: The amount of contracts / shares traded.
                    count:
                      type: integer
                      description: The amount of trades.
                    vwap:
                      type: number
                      description: The volume weighted average price of the trading session.
              example: "timestamp,open,high,low,close,volume,count,vwap\r\n2024-01-02T09:30:00,187.1500,188.050,186.350,187.830,3256708,37886,187.25\r\
                \n2024-01-02T09:31:00,187.830,188.120,187.630,187.765,809707,7481,187.38\r\n2024-01-02T09:32:00,187.770,188.440,187.730,188.2984,687086,7103,187.48\r\
                \n2024-01-02T09:33:00,188.3050,188.310,187.810,188.160,485275,6245,187.53\r\n2024-01-02T09:34:00,188.150,188.150,187.670,187.730,415948,5942,187.55\r\
                \n"
            application/json:
              schema: &schema_stock_history_ohlc
                type: array
                items: *items_stock_history_ohlc
              example: |
                {
                  "response": [
                    {"volume":3256708,"high":188.050,"low":186.350,"vwap":187.25,"count":37886,"close":187.830,"open":187.1500,"timestamp":"2024-01-02T09:30:00"},
                    {"volume":809707,"high":188.120,"low":187.630,"vwap":187.38,"count":7481,"close":187.765,"open":187.830,"timestamp":"2024-01-02T09:31:00"},
                    {"volume":687086,"high":188.440,"low":187.730,"vwap":187.48,"count":7103,"close":188.2984,"open":187.770,"timestamp":"2024-01-02T09:32:00"},
                    {"volume":485275,"high":188.310,"low":187.810,"vwap":187.53,"count":6245,"close":188.160,"open":188.3050,"timestamp":"2024-01-02T09:33:00"},
                    {"volume":415948,"high":188.150,"low":187.670,"vwap":187.55,"count":5942,"close":187.730,"open":188.150,"timestamp":"2024-01-02T09:34:00"}
                  ]
                }
            application/x-ndjson:
              schema: *schema_stock_history_ohlc
              example: '{"volume":3256708,"high":188.050,"low":186.350,"vwap":187.25,"count":37886,"close":187.830,"open":187.1500,"timestamp":"2024-01-02T09:30:00"}

                {"volume":809707,"high":188.120,"low":187.630,"vwap":187.38,"count":7481,"close":187.765,"open":187.830,"timestamp":"2024-01-02T09:31:00"}

                {"volume":687086,"high":188.440,"low":187.730,"vwap":187.48,"count":7103,"close":188.2984,"open":187.770,"timestamp":"2024-01-02T09:32:00"}

                {"volume":485275,"high":188.310,"low":187.810,"vwap":187.53,"count":6245,"close":188.160,"open":188.3050,"timestamp":"2024-01-02T09:33:00"}

                {"volume":415948,"high":188.150,"low":187.670,"vwap":187.55,"count":5942,"close":187.730,"open":188.150,"timestamp":"2024-01-02T09:34:00"}'

  /stock/history/trade:
    x-min-subscription: standard
    x-history-access: true
    get:
      summary: Trade
      operationId: stock_history_trade
      tags:
        - Stock
        - History
      description: |
